thresshold,networkname,networkinstance,refinementFactor,coverageFactor,storminstantiation,stormECDistance,stormiteration,stormLastPLAtime,stormtotaltuningime,p1bayesserverinstantiation,p1bayesserverECDistance,p1bayesservertuningtime,stormbayesserverdistancediff,stormbayesservertimediff,samiamEC,stormsamiamdiff,regionExpansionFac,maxIter,epsilon
0.9,alarm,p1,0.0000001,1.000000,10000,10,2,0.010000,0.021000,0.36201213450885433,0.342012,0.033287763595581055,9999.637988,-0.012288,0.342012,9999.637988,2.000000,2,0.500000
0.9,alarm,p1,0.0000001,1.000000,10000,10,4,0.010000,0.041000,0.36201213450885433,0.342012,0.033287763595581055,9999.637988,0.007712,0.342012,9999.637988,2.000000,4,0.125000
0.9,alarm,p1,0.0000001,1.000000,10000,10,6,0.010000,0.061000,0.36201213450885433,0.342012,0.033287763595581055,9999.637988,0.027712,0.342012,9999.637988,2.000000,6,0.031250
0.9,alarm,p1,0.0000001,1.000000,10000,10,8,0.010000,0.081000,0.36201213450885433,0.342012,0.033287763595581055,9999.637988,0.047712,0.342012,9999.637988,2.000000,8,0.007812
0.9,alarm,p1,0.0000001,1.000000,10000,10,2,0.011000,0.023000,0.36201213450885433,0.342012,0.033287763595581055,9999.637988,-0.010288,0.342012,9999.637988,3.000000,2,0.333333
0.9,alarm,p1,0.0000001,1.000000,10000,10,4,0.010000,0.043000,0.36201213450885433,0.342012,0.033287763595581055,9999.637988,0.009712,0.342012,9999.637988,3.000000,4,0.037037
0.9,alarm,p1,0.0000001,1.000000,10000,10,6,0.010000,0.061000,0.36201213450885433,0.342012,0.033287763595581055,9999.637988,0.027712,0.342012,9999.637988,3.000000,6,0.004115
0.9,alarm,p1,0.0000001,1.000000,10000,10,8,0.011000,0.083000,0.36201213450885433,0.342012,0.033287763595581055,9999.637988,0.049712,0.342012,9999.637988,3.000000,8,0.000457
0.9,alarm,p1,0.0000001,1.000000,10000,10,2,0.011000,0.022000,0.36201213450885433,0.342012,0.033287763595581055,9999.637988,-0.011288,0.342012,9999.637988,5.000000,2,0.200000
0.9,alarm,p1,0.0000001,1.000000,10000,10,4,0.015000,0.067000,0.36201213450885433,0.342012,0.033287763595581055,9999.637988,0.033712,0.342012,9999.637988,5.000000,4,0.008000
0.9,alarm,p1,0.0000001,1.000000,10000,10,6,0.013000,0.088000,0.36201213450885433,0.342012,0.033287763595581055,9999.637988,0.054712,0.342012,9999.637988,5.000000,6,0.000320
0.9,alarm,p1,0.0000001,1.000000,10000,10,8,0.012000,0.090000,0.36201213450885433,0.342012,0.033287763595581055,9999.637988,0.056712,0.342012,9999.637988,5.000000,8,0.000013
