thresshold,networkname,networkinstance,refinementFactor,coverageFactor,storminstantiation,stormECDistance,stormiteration,stormLastPLAtime,stormtotaltuningime,p1bayesserverinstantiation,p1bayesserverECDistance,p1bayesservertuningtime,stormbayesserverdistancediff,stormbayesservertimediff,samiamEC,stormsamiamdiff,regionExpansionFac,maxIter,epsilon
0.6,alarm,p1,0.0000001,1.000000,0.68200308084487915,0.662003,2,0.073000,0.084000,0.36201213450885433,0.342012,0.033287763595581055,0.319991,0.050712,0.342012,0.319991,2.000000,2,0.500000
0.6,alarm,p1,0.0000001,1.000000,0.68200308084487915,0.662003,4,0.074000,0.108000,0.36201213450885433,0.342012,0.033287763595581055,0.319991,0.074712,0.342012,0.319991,2.000000,4,0.125000
0.6,alarm,p1,0.0000001,1.000000,0.68200308084487915,0.662003,6,0.071000,0.122000,0.36201213450885433,0.342012,0.033287763595581055,0.319991,0.088712,0.342012,0.319991,2.000000,6,0.031250
0.6,alarm,p1,0.0000001,1.000000,0.68200308084487915,0.662003,8,0.071000,0.142000,0.36201213450885433,0.342012,0.033287763595581055,0.319991,0.108712,0.342012,0.319991,2.000000,8,0.007812
0.6,alarm,p1,0.0000001,1.000000,0.68200308084487915,0.662003,2,0.073000,0.084000,0.36201213450885433,0.342012,0.033287763595581055,0.319991,0.050712,0.342012,0.319991,3.000000,2,0.333333
0.6,alarm,p1,0.0000001,1.000000,0.68200308084487915,0.662003,4,0.074000,0.106000,0.36201213450885433,0.342012,0.033287763595581055,0.319991,0.072712,0.342012,0.319991,3.000000,4,0.037037
0.6,alarm,p1,0.0000001,1.000000,0.68200308084487915,0.662003,6,0.072000,0.123000,0.36201213450885433,0.342012,0.033287763595581055,0.319991,0.089712,0.342012,0.319991,3.000000,6,0.004115
0.6,alarm,p1,0.0000001,1.000000,0.68200308084487915,0.662003,8,0.073000,0.144000,0.36201213450885433,0.342012,0.033287763595581055,0.319991,0.110712,0.342012,0.319991,3.000000,8,0.000457
0.6,alarm,p1,0.0000001,1.000000,0.68200308084487915,0.662003,2,0.072000,0.083000,0.36201213450885433,0.342012,0.033287763595581055,0.319991,0.049712,0.342012,0.319991,5.000000,2,0.200000
0.6,alarm,p1,0.0000001,1.000000,0.68200308084487915,0.662003,4,0.073000,0.104000,0.36201213450885433,0.342012,0.033287763595581055,0.319991,0.070712,0.342012,0.319991,5.000000,4,0.008000
0.6,alarm,p1,0.0000001,1.000000,0.68200308084487915,0.662003,6,0.072000,0.123000,0.36201213450885433,0.342012,0.033287763595581055,0.319991,0.089712,0.342012,0.319991,5.000000,6,0.000320
0.6,alarm,p1,0.0000001,1.000000,0.68200308084487915,0.662003,8,0.072000,0.145000,0.36201213450885433,0.342012,0.033287763595581055,0.319991,0.111712,0.342012,0.319991,5.000000,8,0.000013
