thresshold,networkname,networkinstance,refinementFactor,coverageFactor,storminstantiation,stormECDistance,stormiteration,stormLastPLAtime,stormtotaltuningime,p1bayesserverinstantiation,p1bayesserverECDistance,p1bayesservertuningtime,stormbayesserverdistancediff,stormbayesservertimediff,samiamEC,stormsamiamdiff,regionExpansionFac,maxIter,epsilon
0.3,hailfinder,p1,0.0000001,1.000000,0.10000000000000001,0.000000,1,0.014000,0.014000,0.8328381741961298,0.732838,0.0845491886138916,0.732838,-0.070549,0.732838,0.732838,2.000000,2,0.500000
0.3,hailfinder,p1,0.0000001,1.000000,0.10000000000000001,0.000000,1,0.015000,0.015000,0.8328381741961298,0.732838,0.0845491886138916,0.732838,-0.069549,0.732838,0.732838,2.000000,4,0.125000
0.3,hailfinder,p1,0.0000001,1.000000,0.10000000000000001,0.000000,1,0.019000,0.019000,0.8328381741961298,0.732838,0.0845491886138916,0.732838,-0.065549,0.732838,0.732838,2.000000,6,0.031250
0.3,hailfinder,p1,0.0000001,1.000000,0.10000000000000001,0.000000,1,0.014000,0.014000,0.8328381741961298,0.732838,0.0845491886138916,0.732838,-0.070549,0.732838,0.732838,2.000000,8,0.007812
0.3,hailfinder,p1,0.0000001,1.000000,0.10000000000000001,0.000000,1,0.014000,0.014000,0.8328381741961298,0.732838,0.0845491886138916,0.732838,-0.070549,0.732838,0.732838,3.000000,2,0.333333
0.3,hailfinder,p1,0.0000001,1.000000,0.10000000000000001,0.000000,1,0.014000,0.014000,0.8328381741961298,0.732838,0.0845491886138916,0.732838,-0.070549,0.732838,0.732838,3.000000,4,0.037037
0.3,hailfinder,p1,0.0000001,1.000000,0.10000000000000001,0.000000,1,0.014000,0.014000,0.8328381741961298,0.732838,0.0845491886138916,0.732838,-0.070549,0.732838,0.732838,3.000000,6,0.004115
0.3,hailfinder,p1,0.0000001,1.000000,0.10000000000000001,0.000000,1,0.014000,0.014000,0.8328381741961298,0.732838,0.0845491886138916,0.732838,-0.070549,0.732838,0.732838,3.000000,8,0.000457
0.3,hailfinder,p1,0.0000001,1.000000,0.10000000000000001,0.000000,1,0.015000,0.015000,0.8328381741961298,0.732838,0.0845491886138916,0.732838,-0.069549,0.732838,0.732838,5.000000,2,0.200000
0.3,hailfinder,p1,0.0000001,1.000000,0.10000000000000001,0.000000,1,0.014000,0.014000,0.8328381741961298,0.732838,0.0845491886138916,0.732838,-0.070549,0.732838,0.732838,5.000000,4,0.008000
0.3,hailfinder,p1,0.0000001,1.000000,0.10000000000000001,0.000000,1,0.014000,0.014000,0.8328381741961298,0.732838,0.0845491886138916,0.732838,-0.070549,0.732838,0.732838,5.000000,6,0.000320
0.3,hailfinder,p1,0.0000001,1.000000,0.10000000000000001,0.000000,1,0.014000,0.014000,0.8328381741961298,0.732838,0.0845491886138916,0.732838,-0.070549,0.732838,0.732838,5.000000,8,0.000013
