thresshold,networkname,networkinstance,refinementFactor,coverageFactor,storminstantiation,stormECDistance,stormiteration,stormLastPLAtime,stormtotaltuningime,p1bayesserverinstantiation,p1bayesserverECDistance,p1bayesservertuningtime,stormbayesserverdistancediff,stormbayesservertimediff,samiamEC,stormsamiamdiff,regionExpansionFac,maxIter,epsilon
0.9,hepar2,p1,0.0000001,1.000000,0.90513420104980469,0.527915,2,0.521000,0.599000,0.07960198270809421,0.297617,0.026882171630859375,0.825532,0.572118,0.297617,0.825532,2.000000,2,0.500000
0.9,hepar2,p1,0.0000001,1.000000,0.90513420104980469,0.527915,4,0.611000,0.876000,0.07960198270809421,0.297617,0.026882171630859375,0.825532,0.849118,0.297617,0.825532,2.000000,4,0.125000
0.9,hepar2,p1,0.0000001,1.000000,0.90513420104980469,0.527915,6,0.423000,0.719000,0.07960198270809421,0.297617,0.026882171630859375,0.825532,0.692118,0.297617,0.825532,2.000000,6,0.031250
0.9,hepar2,p1,0.0000001,1.000000,0.90513420104980469,0.527915,8,0.394000,0.791000,0.07960198270809421,0.297617,0.026882171630859375,0.825532,0.764118,0.297617,0.825532,2.000000,8,0.007812
0.9,hepar2,p1,0.0000001,1.000000,0.90513420104980469,0.527915,2,0.548000,0.614000,0.07960198270809421,0.297617,0.026882171630859375,0.825532,0.587118,0.297617,0.825532,3.000000,2,0.333333
0.9,hepar2,p1,0.0000001,1.000000,0.90513420104980469,0.527915,4,0.431000,0.606000,0.07960198270809421,0.297617,0.026882171630859375,0.825532,0.579118,0.297617,0.825532,3.000000,4,0.037037
0.9,hepar2,p1,0.0000001,1.000000,0.90513420104980469,0.527915,6,0.403000,0.694000,0.07960198270809421,0.297617,0.026882171630859375,0.825532,0.667118,0.297617,0.825532,3.000000,6,0.004115
0.9,hepar2,p1,0.0000001,1.000000,0.90513420104980469,0.527915,8,0.388000,0.783000,0.07960198270809421,0.297617,0.026882171630859375,0.825532,0.756118,0.297617,0.825532,3.000000,8,0.000457
0.9,hepar2,p1,0.0000001,1.000000,0.90513420104980469,0.527915,2,0.393000,0.451000,0.07960198270809421,0.297617,0.026882171630859375,0.825532,0.424118,0.297617,0.825532,5.000000,2,0.200000
0.9,hepar2,p1,0.0000001,1.000000,0.90513420104980469,0.527915,4,0.395000,0.568000,0.07960198270809421,0.297617,0.026882171630859375,0.825532,0.541118,0.297617,0.825532,5.000000,4,0.008000
0.9,hepar2,p1,0.0000001,1.000000,0.90513420104980469,0.527915,6,0.405000,0.693000,0.07960198270809421,0.297617,0.026882171630859375,0.825532,0.666118,0.297617,0.825532,5.000000,6,0.000320
0.9,hepar2,p1,0.0000001,1.000000,0.90513420104980469,0.527915,8,0.390000,0.794000,0.07960198270809421,0.297617,0.026882171630859375,0.825532,0.767118,0.297617,0.825532,5.000000,8,0.000013
