thresshold,networkname,networkinstance,refinementFactor,coverageFactor,storminstantiation,stormECDistance,stormiteration,stormLastPLAtime,stormtotaltuningime,p1bayesserverinstantiation,p1bayesserverECDistance,p1bayesservertuningtime,stormbayesserverdistancediff,stormbayesservertimediff,samiamEC,stormsamiamdiff,regionExpansionFac,maxIter,epsilon
0.6,hepar2,p1,0.0000001,1.000000,0.59555965240429043,0.218341,1,0.399000,0.399000,0.07960198270809421,0.297617,0.026882171630859375,0.515958,0.372118,0.297617,0.515958,2.000000,2,0.500000
0.6,hepar2,p1,0.0000001,1.000000,0.5955596247066498,0.218341,2,0.397000,0.456000,0.07960198270809421,0.297617,0.026882171630859375,0.515958,0.429118,0.297617,0.515958,2.000000,4,0.125000
0.6,hepar2,p1,0.0000001,1.000000,0.5955596247066498,0.218341,4,0.409000,0.581000,0.07960198270809421,0.297617,0.026882171630859375,0.515958,0.554118,0.297617,0.515958,2.000000,6,0.031250
0.6,hepar2,p1,0.0000001,1.000000,0.5955596247066498,0.218341,6,0.404000,0.687000,0.07960198270809421,0.297617,0.026882171630859375,0.515958,0.660118,0.297617,0.515958,2.000000,8,0.007812
0.6,hepar2,p1,0.0000001,1.000000,0.59555963519706723,0.218341,1,0.452000,0.452000,0.07960198270809421,0.297617,0.026882171630859375,0.515958,0.425118,0.297617,0.515958,3.000000,2,0.333333
0.6,hepar2,p1,0.0000001,1.000000,0.59555963519706723,0.218341,3,0.447000,0.587000,0.07960198270809421,0.297617,0.026882171630859375,0.515958,0.560118,0.297617,0.515958,3.000000,4,0.037037
0.6,hepar2,p1,0.0000001,1.000000,0.59555963519706723,0.218341,5,0.401000,0.630000,0.07960198270809421,0.297617,0.026882171630859375,0.515958,0.603118,0.297617,0.515958,3.000000,6,0.004115
0.6,hepar2,p1,0.0000001,1.000000,0.59555963519706723,0.218341,7,0.404000,0.752000,0.07960198270809421,0.297617,0.026882171630859375,0.515958,0.725118,0.297617,0.515958,3.000000,8,0.000457
0.6,hepar2,p1,0.0000001,1.000000,0.59555971622467041,0.218341,2,0.418000,0.479000,0.07960198270809421,0.297617,0.026882171630859375,0.515958,0.452118,0.297617,0.515958,5.000000,2,0.200000
0.6,hepar2,p1,0.0000001,1.000000,0.59555971622467041,0.218341,4,0.415000,0.601000,0.07960198270809421,0.297617,0.026882171630859375,0.515958,0.574118,0.297617,0.515958,5.000000,4,0.008000
0.6,hepar2,p1,0.0000001,1.000000,0.59555971622467041,0.218341,6,0.405000,0.696000,0.07960198270809421,0.297617,0.026882171630859375,0.515958,0.669118,0.297617,0.515958,5.000000,6,0.000320
0.6,hepar2,p1,0.0000001,1.000000,0.59555971622467041,0.218341,8,0.426000,0.857000,0.07960198270809421,0.297617,0.026882171630859375,0.515958,0.830118,0.297617,0.515958,5.000000,8,0.000013
