thresshold,networkname,networkinstance,refinementFactor,coverageFactor,storminstantiation,stormECDistance,stormiteration,stormLastPLAtime,stormtotaltuningime,p1bayesserverinstantiation,p1bayesserverECDistance,p1bayesservertuningtime,stormbayesserverdistancediff,stormbayesservertimediff,samiamEC,stormsamiamdiff,regionExpansionFac,maxIter,epsilon
0.3,hepar2,p1,0.0000001,1.000000,0.32895708750000002,0.048262,1,0.390000,0.390000,0.07960198270809421,0.297617,0.026882171630859375,0.249355,0.363118,0.297617,0.249355,2.000000,2,0.500000
0.3,hepar2,p1,0.0000001,1.000000,0.37721890000000002,0.000000,1,0.400000,0.400000,0.07960198270809421,0.297617,0.026882171630859375,0.297617,0.373118,0.297617,0.297617,2.000000,4,0.125000
0.3,hepar2,p1,0.0000001,1.000000,0.37721890000000002,0.000000,1,0.058000,0.058000,0.07960198270809421,0.297617,0.026882171630859375,0.297617,0.031118,0.297617,0.297617,2.000000,6,0.031250
0.3,hepar2,p1,0.0000001,1.000000,0.37721890000000002,0.000000,1,0.060000,0.060000,0.07960198270809421,0.297617,0.026882171630859375,0.297617,0.033118,0.297617,0.297617,2.000000,8,0.007812
0.3,hepar2,p1,0.0000001,1.000000,0.37721890000000002,0.000000,1,0.400000,0.400000,0.07960198270809421,0.297617,0.026882171630859375,0.297617,0.373118,0.297617,0.297617,3.000000,2,0.333333
0.3,hepar2,p1,0.0000001,1.000000,0.37721890000000002,0.000000,1,0.059000,0.059000,0.07960198270809421,0.297617,0.026882171630859375,0.297617,0.032118,0.297617,0.297617,3.000000,4,0.037037
0.3,hepar2,p1,0.0000001,1.000000,0.37721890000000002,0.000000,1,0.059000,0.059000,0.07960198270809421,0.297617,0.026882171630859375,0.297617,0.032118,0.297617,0.297617,3.000000,6,0.004115
0.3,hepar2,p1,0.0000001,1.000000,0.37721890000000002,0.000000,1,0.060000,0.060000,0.07960198270809421,0.297617,0.026882171630859375,0.297617,0.033118,0.297617,0.297617,3.000000,8,0.000457
0.3,hepar2,p1,0.0000001,1.000000,0.37721890000000002,0.000000,1,0.408000,0.408000,0.07960198270809421,0.297617,0.026882171630859375,0.297617,0.381118,0.297617,0.297617,5.000000,2,0.200000
0.3,hepar2,p1,0.0000001,1.000000,0.37721890000000002,0.000000,1,0.060000,0.060000,0.07960198270809421,0.297617,0.026882171630859375,0.297617,0.033118,0.297617,0.297617,5.000000,4,0.008000
0.3,hepar2,p1,0.0000001,1.000000,0.37721890000000002,0.000000,1,0.060000,0.060000,0.07960198270809421,0.297617,0.026882171630859375,0.297617,0.033118,0.297617,0.297617,5.000000,6,0.000320
0.3,hepar2,p1,0.0000001,1.000000,0.37721890000000002,0.000000,1,0.060000,0.060000,0.07960198270809421,0.297617,0.026882171630859375,0.297617,0.033118,0.297617,0.297617,5.000000,8,0.000013
